Average
8.193548
8.16129
8.16129
8.129032
8.064516
8
7.967742
8.16129
8.193548
8.225806
8.258065
8.16129
8.16129
8.387097
8.290323
8.258065
8.290323
8.193548
8.225806
8.193548
8.193548
8.16129
8.483871
8.516129
8.612903
8.645161
8.612903
8.612903
8.612903
8.645161
8.677419
8.741935
8.774194
8.774194
8.741935
8.774194
8.83871
8.806452
8.806452
8.806452
8.806452
8.774194
8.935484
8.870968
8.903226
9
8.935484
8.935484
9.032258
8.774194
8.677419
8.677419
8.709677
8.709677
8.709677
8.516129
8.483871
8.516129
8.451613
8.483871
8.451613
8.419355
8.322581
8.354839
8.322581
8.354839
8.387097
8.354839
8.387097
8.387097
8.419355
8.354839
8.258065
8.258065
8.258065
8.290323
8.322581
8.451613
8.451613
8.387097
8.677419
8.548387
8.483871
8.483871
8.451613
8.451613
8.354839
8.354839
8.16129
8.225806
8.096774
8.096774
7.83871
7.935484
7.903226
7.612903
7.516129
7.483871
7.548387
7.548387
7.483871
7.419355
7.419355
7.483871
7.419355
7.451613
7.451613
7.451613
7.290323
7.290323
7.322581
7.354839
7.645161
7.741935
7.677419
7.645161
7.580645
7.83871
7.870968
8
7.967742
7.967742
7.967742
8.225806
8.225806
8.258065
8.548387
8.677419
8.612903
8.612903
8.612903
8.612903
8.677419
8.741935
8.774194
8.83871
8.83871
8.741935
8.709677
8.806452
8.774194
8.806452
8.612903
8.612903
8.612903
8.580645
8.580645
8.612903
8.677419
8.419355
8.483871
8.516129
8.612903
8.580645
8.645161
8.580645
8.548387
8.516129
8.483871
8.580645
8.290323
8.258065
8.129032
8.064516
8
7.967742
7.935484
7.935484
8.032258
8.032258
8
8.032258
8.032258
8.193548
8.225806
8.193548
8.258065
8.322581
8.322581
8.322581
8.580645
8.580645
8.548387
8.580645
8.645161
8.612903
8.645161
8.645161
8.645161
8.612903
