Average
6.870968
6.83871
6.806452
6.741935
6.677419
6.677419
6.612903
6.612903
6.580645
6.612903
6.580645
6.451613
6.419355
6.645161
6.483871
6.419355
6.419355
6.419355
6.387097
6.387097
6.387097
6.387097
6.645161
6.645161
6.645161
6.677419
6.516129
6.548387
6.516129
6.548387
6.548387
6.612903
6.677419
6.709677
6.806452
6.806452
6.806452
6.806452
6.83871
6.870968
6.870968
6.935484
7.096774
7.064516
7
7.193548
7.129032
7
7
6.83871
6.806452
6.83871
6.806452
6.774194
6.741935
6.709677
6.612903
6.774194
6.677419
6.709677
6.677419
6.774194
6.709677
6.677419
6.516129
6.548387
6.580645
6.483871
6.516129
6.516129
6.548387
6.548387
6.451613
6.451613
6.516129
6.580645
6.354839
6.451613
6.612903
6.645161
6.806452
6.612903
6.580645
6.580645
6.612903
6.645161
6.451613
6.516129
6.451613
6.516129
6.483871
6.548387
6.290323
6.322581
6.322581
6.225806
6.225806
6.193548
6.290323
6.225806
6.225806
6.225806
6.225806
6.322581
6.290323
6.322581
6.290323
6.483871
6.419355
6.419355
6.419355
6.483871
6.709677
6.774194
6.806452
6.806452
6.774194
7.032258
7.032258
7
6.935484
6.935484
6.903226
7.064516
7.064516
7.096774
7.419355
7.322581
7.193548
7.225806
7.193548
7.16129
7.16129
7.16129
7.064516
7.096774
7.064516
7.064516
7
7.064516
7.064516
7.032258
6.935484
7
6.967742
6.935484
6.83871
6.870968
6.870968
6.677419
6.806452
6.83871
6.870968
6.806452
6.870968
6.806452
6.741935
6.612903
6.741935
6.903226
6.677419
6.677419
6.645161
6.580645
6.516129
6.548387
6.516129
6.419355
6.354839
6.419355
6.419355
6.419355
6.419355
6.451613
6.419355
6.322581
6.322581
6.419355
6.387097
6.451613
6.645161
6.580645
6.548387
6.548387
6.612903
6.645161
6.645161
6.677419
6.677419
6.580645
